1 1
0
0
1 2
0
1 0
1 3
0
0 2 1
1 4
0
0 1 3 2
1 5
0
2 1 0 3 4
1 6
0
0 5 2 1 3 4
1 7
0
2 4 5 0 3 1 6
1 8
0
6 5 1 2 0 7 3 4
1 9
0
0 5 2 8 4 7 1 3 6
1 10
0
3 2 5 1 4 0 7 6 8 9
2 1
0 1
0
2 2
1 0
0 1
2 3
1 0
1 2 0
2 4
0 1
0 1 3 2
2 5
0 1
1 4 0 3 2
2 6
1 0
3 1 4 2 5 0
2 7
0 1
2 6 4 0 5 1 3
2 8
1 0
1 5 4 3 2 7 6 0
2 9
0 1
8 4 7 5 2 6 1 0 3
2 10
0 1
4 8 1 3 2 7 9 6 0 5
3 1
0 1 2
0
3 2
2 1 0
0 1
3 3
0 1 2
2 1 0
3 4
1 0 2
2 1 0 3
3 5
0 1 2
0 3 2 1 4
3 5
0 1 2
0 3 2 4 1
