Case #1:
100.506
13.170
81.098
120.608
133.777
156.651
142.788
184.377
127.539
133.777
112.290
132.391
121.301
9.011
142.095
155.958
125.460
117.835
121.301
100.506
133.777
122.687
102.586
140.016
124.073
9.011
168.435
131.698
134.471
131.698
167.742
5.545
167.742
140.709
114.369
0.693
133.777
153.879
20.101
81.791
137.936
151.106
42.282
138.629
165.662
168.435
141.402
117.835
128.232
141.402
106.745
122.687
108.824
72.087
4.159
135.857
62.383
180.911
117.142
122.687
142.095
153.186
100.506
65.156
81.098
146.254
119.221
83.178
134.471
15.942
94.268
18.022
109.517
10.397
126.153
155.265
14.556
88.030
151.799
70.701
140.709
64.463
160.117
119.914
155.958
122.687
209.330
140.709
90.109
107.438
171.207
148.333
90.802
124.766
144.868
142.095
136.550
142.095
83.871
135.857
70.008
90.802
167.048
101.199
160.810
103.972
85.950
138.629
117.835
144.868
125.460
183.684
153.186
120.608
147.640
18.715
182.298
127.539
127.539
121.994
167.048
75.553
117.142
146.254
180.218
106.745
59.611
151.106
114.369
156.651
127.539
139.323
120.608
133.084
85.257
140.016
145.561
95.654
117.835
131.005
139.323
109.517
107.438
18.715
195.468
124.073
110.210
99.813
192.002
14.556
115.062
2.079
169.821
144.868
189.229
162.890
115.756
133.084
142.788
83.178
89.416
125.460
180.911
141.402
193.388
140.709
189.229
153.879
99.813
167.048
132.391
148.333
68.622
0.000
123.380
77.632
154.572
149.027
142.788
88.030
119.914
172.594
108.824
111.597
115.756
129.619
15.249
144.175
131.005
1.386
177.446
142.788
119.221
172.594
182.298
177.446
124.766
91.495
189.229
154.572
165.662
139.323
127.539
108.131
126.846
176.753
20.101
145.561
144.175
82.485
99.813
121.994
18.715
63.076
151.799
161.503
165.662
97.041
145.561
101.199
121.994
89.416
89.416
126.153
126.846
94.961
12.477
162.196
182.991
120.608
23.567
119.914
94.961
109.517
135.164
94.961
134.471
138.629
132.391
174.673
122.687
11.784
120.608
100.506
209.330
109.517
163.583
135.164
212.796
94.268
90.802
112.290
142.095
137.936
152.492
109.517
124.073
89.416
4.159
202.399
131.698
85.257
11.090
147.640
19.408
189.922
137.243
83.871
177.446
135.857
198.933
149.027
101.893
70.008
92.189
202.399
209.330
157.344
106.745
170.514
128.925
20.794
13.170
146.947
134.471
4.852
135.857
142.788
40.203
20.101
105.358
133.777
136.550
83.871
87.337
196.161
145.561
137.936
15.942
90.802
126.153
115.756
182.298
10.397
140.016
101.199
8.318
199.626
149.720
1.386
155.265
0.693
153.879
103.972
126.846
65.156
140.016
81.791
112.983
151.799
132.391
0.000
75.553
177.446
125.460
83.178
100.506
54.759
124.073
143.481
79.712
163.583
96.347
76.939
0.693
112.983
57.531
124.073
97.041
77.632
175.366
124.073
119.221
161.503
171.207
75.553
120.608
203.092
178.832
99.813
144.868
115.756
119.221
128.232
151.799
92.882
146.254
161.503
156.651
87.337
155.265
137.243
158.038
99.120
154.572
131.005
118.528
140.709
142.095
183.684
137.936
121.301
104.665
4.852
11.784
80.405
129.619
73.474
20.101
97.734
88.723
133.777
4.159
112.983
98.427
162.196
9.704
135.164
97.734
168.435
139.323
121.994
130.312
135.164
68.622
167.742
97.041
131.005
120.608
121.994
157.344
110.904
203.092
162.890
115.062
106.745
144.868
150.413
142.788
123.380
5.545
211.410
125.460
76.939
151.106
99.813
137.243
192.002
126.846
117.142
132.391
124.073
148.333
118.528
15.942
2.079
165.662
103.279
173.980
2.773
72.780
60.304
137.936
97.041
7.625
150.413
58.918
189.229
145.561
102.586
140.709
124.073
130.312
100.506
153.186
139.323
122.687
108.131
137.936
98.427
101.893
153.879
160.810
2.773
176.753
127.539
135.164
83.178
136.550
86.643
169.821
108.131
164.276
162.890
122.687
142.788
15.249
115.756
123.380
68.622
19.408
90.802
7.625
152.492
128.232
81.098
136.550
94.268
83.178
115.756
122.687
117.142
146.254
142.788
169.821
118.528
6.931
112.290
79.019
72.087
119.221
146.947
151.799
65.849
124.766
130.312
133.084
106.052
135.857
101.199
131.005
155.265
123.380
128.232
96.347
97.734
136.550
131.698
128.925
79.712
4.159
56.145
157.344
146.254
85.257
162.890
83.178
159.424
137.243
125.460
159.424
112.290
94.961
51.986
142.095
147.640
183.684
97.734
124.766
126.846
89.416
87.337
76.939
170.514
124.766
152.492
0.693
140.016
108.824
128.925
83.871
184.377
156.651
14.556
117.142
145.561
153.186
134.471
154.572
135.164
83.178
160.810
150.413
13.170
112.290
92.189
142.788
88.030
71.394
110.904
105.358
133.084
112.983
115.062
154.572
141.402
128.925
63.770
178.139
58.224
133.084
116.449
144.175
126.153
169.128
15.249
101.199
116.449
59.611
79.712
154.572
90.802
83.178
20.101
80.405
136.550
144.175
106.052
122.687
103.279
152.492
0.693
132.391
133.084
167.048
99.813
4.159
166.355
13.170
85.950
94.961
104.665
158.038
135.857
142.095
124.766
159.424
92.189
65.156
151.799
82.485
105.358
74.167
123.380
125.460
126.846
87.337
0.693
112.290
135.164
146.254
142.095
3.466
212.796
154.572
87.337
119.914
143.481
112.290
136.550
119.914
132.391
115.756
128.925
74.860
0.000
36.737
131.698
99.120
167.048
122.687
126.846
126.153
72.087
173.287
174.673
160.810
144.868
15.249
169.821
164.969
128.925
102.586
139.323
65.849
161.503
112.983
71.394
47.134
159.424
193.388
132.391
108.824
126.153
147.640
113.676
113.676
125.460
123.380
149.027
185.070
9.704
128.925
113.676
119.914
112.290
146.947
141.402
154.572
125.460
158.731
152.492
143.481
135.857
88.723
5.545
144.868
119.221
146.947
119.914
108.824
149.027
81.098
93.575
139.323
155.265
14.556
106.745
176.753
161.503
0.000
86.643
140.016
163.583
4.852
110.210
112.983
133.777
84.564
133.084
153.186
91.495
79.019
86.643
144.175
109.517
128.232
135.164
109.517
160.810
157.344
145.561
74.860
134.471
149.027
140.709
103.972
95.654
103.279
119.221
142.095
145.561
90.109
115.756
65.156
117.142
94.268
139.323
119.914
1.386
70.008
108.131
146.254
182.298
18.022
9.704
125.460
2.079
88.030
144.868
161.503
126.153
149.720
87.337
113.676
118.528
112.983
119.914
126.846
90.802
119.221
131.698
190.615
4.159
95.654
85.950
108.824
134.471
194.081
132.391
139.323
124.766
131.005
48.520
153.186
113.676
92.189
5.545
126.846
6.931
124.766
141.402
162.890
160.810
153.186
140.709
142.095
104.665
18.715
101.199
20.794
148.333
67.235
167.048
119.914
154.572
90.802
121.994
154.572
149.027
96.347
20.101
174.673
157.344
2.079
117.835
100.506
112.290
44.361
11.784
13.863
99.813
126.153
135.164
104.665
83.178
172.594
125.460
45.055
102.586
121.994
142.095
63.076
148.333
90.109
101.893
119.221
106.745
154.572
121.994
77.632
93.575
77.632
107.438
163.583
0.693
135.164
8.318
162.196
140.016
142.095
162.196
91.495
149.720
141.402
95.654
128.925
131.005
101.893
44.361
133.777
123.380
137.243
73.474
117.835
108.131
38.816
107.438
166.355
135.857
167.742
81.791
2.079
177.446
110.904
145.561
99.120
88.723
164.276
82.485
75.553
105.358
119.221
139.323
106.745
128.232
76.246
146.947
2.079
168.435
137.936
108.824
185.070
166.355
7.625
67.928
153.186
128.925
119.221
108.131
134.471
137.243
16.636
176.753
146.254
137.243
117.835
126.153
6.931
134.471
126.153
47.827
127.539
5.545
165.662
159.424
67.235
138.629
107.438
0.693
103.279
91.495
153.186
125.460
184.377
142.095
119.914
127.539
119.914
8.318
126.153
142.788
104.665
101.893
129.619
97.734
95.654
19.408
143.481
83.871
94.268
156.651
149.027
173.980
125.460
131.698
128.232
115.756
122.687
163.583
76.246
111.597
0.000
128.925
155.265
129.619
74.167
139.323
133.084
66.542
143.481
86.643
89.416
0.693
74.860
6.238
105.358
4.852
137.936
6.238
82.485
149.027
129.619
136.550
135.164
169.128
88.030
86.643
151.799
141.402
17.329
104.665
135.857
99.813
72.780
67.235
110.210
153.186
129.619
121.994
81.098
76.939
135.164
126.846
61.690
140.709
113.676
8.318
153.186
78.326
103.972
155.958
113.676
129.619
142.095
13.170
194.081
140.016
131.005
85.950
70.701
142.788
127.539
20.101
165.662
121.994
126.846
85.257
88.030
138.629
144.175
78.326
4.852
7.625
115.062
40.896
106.052
152.492
130.312
128.925
85.257
195.468
17.329
176.059
88.030
73.474
123.380
104.665
128.925
112.983
164.276
96.347
162.890
129.619
130.312
135.857
173.980
139.323
4.159
118.528
112.290
11.090
136.550
128.232
122.687
86.643
94.268
110.210
137.936
99.120
10.397
146.254
104.665
135.164
101.893
109.517
15.942
127.539
103.972
80.405
133.084
64.463
90.802
114.369
125.460
119.221
126.846
110.210
149.027
85.257
135.857
94.961
156.651
92.189
126.846
146.947
126.846
113.676
153.879
151.106
81.098
164.276
76.939
8.318
117.835
92.882
124.073
126.846
65.849
141.402
114.369
141.402
132.391
100.506
117.835
63.770
151.106
122.687
116.449
144.868
153.879
86.643
144.175
129.619
153.879
137.936
140.709
148.333
209.330
127.539
135.857
128.925
140.016
96.347
121.301
172.594
86.643
127.539
140.709
99.813
97.734
82.485
107.438
171.901
188.536
18.715
114.369
128.925
137.243
186.457
130.312
67.928
144.868
7.625
74.167
131.698
128.232
128.925
4.159
20.101
123.380
101.199
114.369
15.249
128.925
111.597
128.925
158.038
140.709
135.164
96.347
147.640
97.041
124.073
148.333
130.312
148.333
144.175
108.131
151.106
116.449
120.608
90.109
137.936
126.846
125.460
101.199
115.062
18.715
129.619
129.619
142.095
179.525
158.038
74.167
123.380
141.402
111.597
53.372
12.477
99.120
108.131
107.438
101.199
166.355
162.890
99.813
112.290
83.871
124.073
151.799
108.824
14.556
178.832
101.893
99.813
142.788
103.279
2.079
120.608
145.561
147.640
126.153
106.745
140.709
104.665
126.153
181.605
173.287
162.890
58.918
18.715
94.961
103.279
18.022
135.164
144.868
76.246
144.868
76.246
94.961
107.438
142.788
156.651
90.802
161.503
84.564
52.679
65.849
82.485
123.380
67.928
128.232
129.619
80.405
6.931
158.731
146.254
142.788
108.131
117.835
70.008
109.517
110.904
123.380
74.860
101.893
101.893
164.969
147.640
138.629
153.879
112.290
85.257
160.117
128.925
131.698
4.159
138.629
5.545
142.095
14.556
88.723
85.257
97.041
173.287
148.333
102.586
88.723
137.243
98.427
171.901
124.766
141.402
110.904
97.734
103.279
123.380
135.164
158.731
170.514
6.238
19.408
144.175
119.914
131.698
130.312
115.756
150.413
152.492
113.676
128.925
12.477
144.868
110.904
100.506
70.008
128.925
147.640
149.720
93.575
156.651
90.109
90.109
147.640
143.481
119.914
95.654
97.041
118.528
100.506
60.304
161.503
129.619
78.326
132.391
153.186
133.084
61.690
25.646
139.323
145.561
123.380
139.323
137.243
76.939
140.016
81.098
30.498
143.481
15.249
144.175
158.731
69.315
79.019
155.958
87.337
88.030
144.868
7.625
111.597
136.550
106.745
132.391
12.477
195.468
126.846
110.210
80.405
121.301
15.249
61.690
131.005
143.481
54.759
86.643
75.553
75.553
88.723
117.835
9.704
52.679
0.693
18.022
11.090
145.561
81.791
103.279
142.095
130.312
152.492
146.947
52.679
98.427
84.564
73.474
91.495
107.438
9.704
4.852
133.084
104.665
135.164
108.824
150.413
102.586
105.358
83.178
139.323
110.210
72.780
11.090
123.380
97.041
8.318
142.095
51.986
142.788
151.799
132.391
97.041
121.994
140.709
87.337
100.506
159.424
67.235
111.597
103.279
84.564
131.005
110.904
165.662
153.879
156.651
126.153
67.928
152.492
171.207
0.693
114.369
121.994
58.918
124.073
88.030
108.131
154.572
51.293
79.019
126.153
126.846
138.629
155.265
107.438
133.084
134.471
94.268
88.030
106.052
80.405
67.928
137.243
101.199
150.413
49.907
14.556
137.243
111.597
67.235
94.268
93.575
112.290
115.756
112.983
112.983
144.175
108.131
167.048
70.008
140.709
6.931
115.062
57.531
2.773
13.863
159.424
131.698
52.679
0.000
142.788
118.528
56.838
176.753
169.821
124.073
129.619
177.446
110.904
125.460
117.142
109.517
56.145
76.939
74.167
92.189
131.698
87.337
173.980
112.290
97.734
92.882
79.712
132.391
117.835
119.221
128.925
144.868
109.517
146.947
149.720
116.449
137.936
113.676
126.846
77.632
120.608
119.914
134.471
99.813
153.879
123.380
128.925
150.413
76.939
49.213
127.539
175.366
99.120
90.109
115.062
137.936
87.337
119.221
156.651
70.701
126.846
149.027
20.794
178.139
174.673
92.882
20.794
137.243
152.492
87.337
139.323
117.142
147.640
46.441
7.625
189.922
110.210
89.416
97.734
101.199
134.471
86.643
128.925
87.337
117.142
114.369
63.770
76.246
45.748
135.857
124.766
126.846
128.925
16.636
130.312
140.016
110.904
108.824
146.947
123.380
90.802
148.333
79.712
142.788
185.763
108.131
127.539
78.326
152.492
97.734
67.235
14.556
11.090
97.041
101.893
18.715
115.756
17.329
159.424
135.164
179.525
131.698
112.983
132.391
2.773
143.481
94.268
74.167
100.506
131.005
83.178
101.893
133.084
130.312
162.196
119.914
121.301
102.586
169.128
115.062
97.041
141.402
86.643
149.720
152.492
10.397
131.005
115.062
74.167
155.265
185.763
118.528
160.810
15.249
68.622
75.553
17.329
143.481
6.931
20.794
79.019
112.290
149.027
76.246
137.936
105.358
83.178
89.416
117.142
121.301
187.150
117.835
65.849
65.849
145.561
11.784
124.073
74.167
136.550
75.553
4.852
161.503
0.000
121.301
129.619
75.553
13.170
110.904
99.120
83.871
76.939
77.632
103.279
83.178
176.753
58.918
144.175
112.290
160.117
142.788
6.931
14.556
53.372
2.773
81.791
70.701
128.232
90.802
108.824
67.235
142.095
103.972
45.748
10.397
62.383
108.824
58.224
185.070
135.164
45.748
139.323
162.196
4.159
14.556
149.720
184.377
150.413
115.756
38.816
106.745
141.402
3.466
104.665
135.857
88.030
73.474
132.391
88.723
118.528
97.041
124.766
137.936
108.131
112.983
178.832
125.460
94.961
58.224
88.030
152.492
115.756
114.369
99.120
190.615
140.016
175.366
128.925
112.983
120.608
38.816
114.369
117.142
104.665
93.575
52.679
99.120
76.939
153.879
131.698
174.673
85.950
18.022
17.329
106.745
82.485
121.994
148.333
169.128
54.065
74.860
198.240
134.471
109.517
153.879
154.572
113.676
143.481
88.030
103.972
164.276
130.312
103.279
164.276
70.008
122.687
122.687
115.756
133.777
38.123
148.333
151.106
119.914
136.550
183.684
91.495
122.687
39.509
156.651
98.427
70.701
103.972
132.391
81.791
85.950
123.380
115.756
98.427
123.380
7.625
192.002
15.942
140.016
62.383
135.857
67.235
196.854
119.914
79.019
94.961
96.347
116.449
100.506
111.597
130.312
15.249
99.120
142.095
110.904
120.608
116.449
174.673
144.175
75.553
106.052
104.665
74.167
110.904
110.210
82.485
140.709
115.062
168.435
12.477
126.846
3.466
94.961
142.095
146.254
99.813
133.777
100.506
97.041
86.643
70.008
62.383
131.005
65.849
134.471
106.745
143.481
115.756
103.279
63.770
106.052
115.756
63.770
136.550
216.955
7.625
2.773
124.766
93.575
151.106
72.087
17.329
44.361
88.030
126.153
29.805
20.794
65.849
101.199
79.019
117.142
63.076
114.369
68.622
112.983
184.377
177.446
145.561
167.048
130.312
108.131
94.961
4.159
131.698
38.123
98.427
97.041
71.394
97.734
132.391
117.835
33.964
113.676
134.471
97.734
166.355
153.879
112.983
74.860
63.076
131.005
106.052
122.687
145.561
83.178
102.586
7.625
146.947
155.958
119.914
117.142
92.882
77.632
99.120
122.687
72.780
107.438
2.773
2.773
97.041
98.427
105.358
104.665
104.665
97.734
0.000
84.564
55.452
144.175
139.323
122.687
120.608
163.583
110.904
103.972
15.249
60.304
9.011
157.344
83.178
49.907
223.887
106.745
84.564
79.019
126.153
180.911
110.210
15.942
151.799
70.008
141.402
111.597
104.665
142.095
128.232
72.087
142.095
95.654
9.011
97.041
102.586
121.301
145.561
102.586
51.293
67.928
131.698
9.704
126.846
151.106
146.254
65.156
143.481
160.810
12.477
114.369
64.463
74.167
106.745
106.745
117.142
76.939
133.084
121.301
141.402
108.131
106.052
119.221
112.983
11.090
133.084
110.904
111.597
133.777
112.290
132.391
80.405
55.452
71.394
80.405
101.893
165.662
106.052
8.318
89.416
142.788
131.005
72.087
99.813
49.907
143.481
124.073
151.799
65.156
4.852
98.427
92.882
126.153
145.561
91.495
120.608
67.928
138.629
112.290
155.958
13.863
94.268
155.958
46.441
146.254
66.542
106.052
40.896
92.189
75.553
103.972
124.073
57.531
137.243
152.492
140.709
101.199
137.936
16.636
140.016
132.391
94.961
74.167
114.369
158.731
101.893
13.863
166.355
176.753
137.936
121.301
128.232
92.882
13.863
179.525
131.698
167.742
153.186
173.980
131.005
112.290
125.460
104.665
137.936
165.662
74.167
160.117
127.539
126.846
143.481
117.142
108.824
144.868
152.492
110.904
86.643
165.662
105.358
157.344
11.784
13.170
126.846
24.260
122.687
126.153
121.994
97.734
99.813
63.076
97.041
99.813
66.542
157.344
126.846
29.805
166.355
179.525
99.120
135.857
69.315
115.062
101.199
198.933
54.065
121.994
64.463
48.520
91.495
121.301
65.156
108.824
122.687
127.539
19.408
85.950
72.087
152.492
169.821
90.802
129.619
103.279
113.676
94.961
92.882
94.961
121.301
112.983
137.243
94.268
56.838
99.120
115.062
128.925
126.846
133.084
101.199
154.572
2.079
124.766
72.087
115.062
135.164
126.846
164.276
98.427
149.027
95.654
115.756
74.860
160.117
126.153
0.000
155.958
84.564
92.189
76.246
13.863
134.471
120.608
97.734
62.383
135.164
84.564
96.347
106.052
9.704
92.189
97.041
122.687
11.090
122.687
162.196
133.084
117.835
123.380
2.773
207.944
122.687
135.857
181.605
129.619
94.961
97.734
74.167
148.333
96.347
9.011
180.911
121.301
151.106
141.402
107.438
118.528
117.142
79.019
107.438
140.016
137.936
133.777
99.813
99.120
126.153
189.229
135.164
40.896
202.399
88.723
15.942
135.164
18.715
115.062
153.879
123.380
125.460
93.575
100.506
68.622
62.383
43.668
128.232
115.756
169.821
108.824
68.622
144.868
124.766
108.824
112.290
71.394
15.942
130.312
128.232
18.715
129.619
88.030
70.008
110.210
142.095
113.676
111.597
120.608
111.597
110.904
155.958
109.517
119.221
20.101
116.449
119.914
133.084
124.073
112.983
100.506
124.766
20.101
56.838
90.109
102.586
88.723
153.186
102.586
151.106
119.221
32.578
115.062
0.693
121.994
3.466
107.438
136.550
130.312
153.186
74.860
54.065
122.687
74.167
0.693
18.715
104.665
0.000
126.846
122.687
109.517
60.997
94.268
60.997
125.460
33.964
132.391
145.561
106.745
112.290
113.676
122.687
127.539
124.073
31.885
127.539
174.673
48.520
8.318
64.463
99.120
115.062
155.265
92.882
99.120
140.709
115.756
122.687
105.358
87.337
133.084
84.564
130.312
123.380
124.766
181.605
44.361
110.904
88.030
113.676
122.687
108.131
0.000
137.936
127.539
85.257
126.846
138.629
140.016
51.986
151.799
59.611
128.232
124.766
155.958
144.175
97.041
182.298
213.489
110.904
63.770
125.460
84.564
54.065
124.073
121.301
128.232
15.249
54.065
16.636
140.016
130.312
146.254
101.199
119.914
96.347
101.199
1.386
69.315
89.416
111.597
160.810
177.446
64.463
158.731
179.525
92.189
115.062
93.575
75.553
171.901
75.553
181.605
96.347
58.918
122.687
88.723
178.139
18.022
139.323
160.117
180.218
147.640
138.629
110.210
124.073
124.766
117.142
95.654
174.673
176.059
89.416
97.041
20.101
103.279
139.323
99.813
142.788
135.164
103.279
17.329
115.062
15.249
135.857
80.405
38.816
100.506
148.333
139.323
108.131
144.175
164.276
103.972
132.391
74.167
84.564
97.734
214.876
97.041
61.690
49.907
45.055
130.312
104.665
97.734
126.846
104.665
123.380
137.936
15.249
57.531
158.731
70.701
78.326
1.386
98.427
111.597
119.221
106.052
127.539
89.416
144.175
160.810
130.312
111.597
121.301
4.852
124.073
112.983
122.687
66.542
101.893
62.383
144.868
88.030
120.608
94.961
86.643
139.323
106.052
159.424
116.449
27.726
115.756
108.131
17.329
99.813
93.575
72.087
101.893
94.268
91.495
120.608
70.008
124.766
164.969
94.961
160.810
11.784
2.773
74.167
14.556
92.189
35.351
109.517
61.690
72.087
113.676
140.016
140.709
120.608
159.424
106.052
137.243
126.153
142.788
16.636
3.466
121.994
110.904
116.449
125.460
71.394
17.329
129.619
110.210
92.189
175.366
132.391
139.323
131.005
133.777
141.402
137.936
99.813
83.871
128.232
108.824
6.238
19.408
141.402
133.777
123.380
143.481
159.424
92.189
88.723
70.701
71.394
79.019
156.651
153.879
137.243
114.369
72.780
50.600
83.178
139.323
100.506
104.665
118.528
18.715
75.553
110.904
122.687
68.622
61.690
51.986
79.712
15.249
116.449
104.665
47.827
90.802
131.005
77.632
94.961
151.799
16.636
58.224
101.199
79.712
85.257
1.386
90.109
128.232
119.914
153.186
95.654
84.564
4.852
93.575
72.780
137.243
121.301
121.994
173.980
11.784
116.449
155.265
86.643
13.170
123.380
131.698
68.622
60.997
65.156
103.279
137.243
98.427
144.175
88.030
121.994
140.016
122.687
121.994
110.904
97.041
119.914
128.232
124.073
110.210
151.106
139.323
148.333
69.315
87.337
130.312
115.756
119.914
143.481
131.698
39.509
84.564
151.106
98.427
70.008
101.893
133.777
98.427
18.022
123.380
151.106
131.698
109.517
115.062
109.517
74.860
115.756
121.994
76.939
108.824
141.402
106.052
97.734
176.753
70.701
84.564
189.922
106.052
92.882
85.257
60.997
89.416
85.950
131.698
112.983
124.073
84.564
85.950
108.824
76.939
63.076
123.380
74.860
145.561
36.737
104.665
108.131
99.813
47.134
3.466
144.868
70.008
6.238
6.931
110.904
110.210
67.928
108.824
63.770
115.062
85.950
16.636
95.654
133.777
45.748
115.062
54.759
99.120
119.914
56.145
84.564
101.893
114.369
115.062
101.893
108.824
75.553
117.142
116.449
18.022
92.189
14.556
5.545
184.377
110.904
40.203
146.254
135.857
93.575
10.397
94.961
75.553
103.972
133.777
126.846
94.268
125.460
132.391
119.914
156.651
133.777
122.687
59.611
144.175
115.756
133.084
119.914
78.326
154.572
124.766
162.890
100.506
116.449
123.380
119.914
97.734
134.471
115.756
89.416
55.452
137.936
112.290
81.791
42.282
97.041
118.528
94.961
85.257
103.972
92.189
72.087
107.438
90.802
101.893
144.175
1.386
111.597
67.928
114.369
115.756
9.011
111.597
120.608
45.748
42.975
144.868
2.079
83.178
98.427
54.759
88.723
118.528
81.098
133.084
108.131
97.041
146.947
82.485
107.438
111.597
77.632
103.972
6.931
151.106
175.366
65.156
56.838
112.290
99.120
114.369
147.640
74.860
140.709
57.531
84.564
128.925
122.687
131.698
152.492
126.846
115.062
54.759
103.279
129.619
67.928
166.355
132.391
160.117
62.383
92.882
106.745
96.347
117.835
125.460
142.095
74.167
173.980
127.539
102.586
99.120
128.232
159.424
150.413
56.145
132.391
122.687
7.625
90.802
84.564
161.503
84.564
124.073
106.052
126.153
175.366
128.925
119.914
124.766
10.397
126.153
79.019
79.712
140.709
74.860
58.918
17.329
69.315
24.953
158.038
17.329
106.745
118.528
150.413
90.109
94.268
133.777
25.646
142.788
83.871
155.958
126.846
100.506
114.369
11.784
83.871
125.460
56.838
133.777
83.178
20.794
54.065
157.344
74.860
103.972
120.608
97.041
101.199
85.257
135.857
128.232
128.232
2.079
4.159
76.939
117.142
158.038
5.545
34.657
128.232
99.813
83.178
99.120
8.318
92.882
95.654
83.871
143.481
164.276
63.076
101.893
126.153
114.369
151.106
121.994
76.246
101.893
111.597
167.048
85.950
88.030
129.619
140.709
103.279
145.561
72.087
128.925
92.882
83.178
104.665
57.531
141.402
58.918
149.027
137.936
90.802
74.860
125.460
70.701
140.709
146.254
133.084
51.293
135.857
56.838
144.175
43.668
79.712
2.773
110.904
111.597
80.405
151.106
81.098
70.701
119.914
121.994
85.950
117.142
107.438
136.550
153.879
19.408
85.950
137.936
7.625
74.167
103.279
103.972
125.460
88.723
151.106
70.008
109.517
137.936
117.835
106.745
133.084
74.167
103.972
170.514
125.460
124.073
126.153
114.369
145.561
155.265
137.243
12.477
107.438
137.936
126.846
131.005
156.651
101.893
131.005
124.073
126.846
81.098
101.199
129.619
142.788
127.539
57.531
51.293
133.084
110.210
119.221
106.745
45.748
62.383
100.506
117.835
69.315
13.170
99.813
106.745
115.062
103.972
167.048
175.366
69.315
146.947
15.249
171.901
54.759
205.172
121.301
126.846
121.994
126.153
64.463
150.413
112.983
71.394
136.550
113.676
5.545
142.788
122.687
131.698
0.693
89.416
106.745
106.745
128.925
153.186
117.835
103.972
106.745
87.337
164.276
117.142
89.416
129.619
182.991
136.550
99.120
88.030
93.575
79.712
127.539
126.153
141.402
126.153
128.232
104.665
114.369
74.860
9.704
121.994
152.492
126.846
52.679
70.701
166.355
176.753
137.243
75.553
109.517
123.380
129.619
111.597
65.156
135.164
133.777
108.824
12.477
116.449
80.405
140.709
130.312
70.701
166.355
73.474
97.734
92.189
158.038
112.983
108.131
99.120
131.005
101.199
126.153
169.821
0.000
142.788
112.290
7.625
120.608
68.622
164.276
114.369
104.665
14.556
3.466
144.175
13.863
134.471
11.784
105.358
94.961
111.597
128.232
141.402
135.857
89.416
101.893
81.791
15.249
101.893
20.794
55.452
85.257
60.304
110.210
114.369
104.665
127.539
140.016
151.106
115.756
9.011
168.435
225.273
180.911
99.120
130.312
115.062
86.643
98.427
48.520
130.312
102.586
10.397
111.597
105.358
133.777
135.164
134.471
124.766
79.712
108.824
106.745
128.232
75.553
6.931
11.784
118.528
108.824
127.539
107.438
94.268
126.153
176.059
100.506
4.852
18.715
55.452
106.052
60.304
79.712
79.712
104.665
50.600
128.925
138.629
160.117
118.528
2.773
151.799
84.564
107.438
135.857
130.312
133.777
15.942
87.337
97.734
2.773
135.857
128.925
115.756
153.879
145.561
122.687
124.766
116.449
115.756
85.257
133.084
153.879
60.304
69.315
91.495
142.095
3.466
144.868
115.756
8.318
155.265
180.218
132.391
83.178
151.106
119.914
112.290
106.052
167.742
121.301
132.391
80.405
91.495
116.449
110.210
2.079
6.931
116.449
63.076
105.358
13.863
98.427
133.084
144.175
18.022
110.210
133.084
119.221
105.358
84.564
85.257
114.369
97.041
81.098
162.890
140.016
158.731
108.131
13.863
1.386
10.397
160.117
132.391
0.000
13.170
81.791
90.109
110.904
142.788
7.625
79.712
132.391
110.210
106.052
108.131
117.142
124.766
182.298
160.117
145.561
72.780
99.120
138.629
110.904
154.572
90.109
176.753
144.175
101.199
94.961
116.449
140.709
103.972
116.449
74.860
80.405
90.109
128.232
94.268
92.189
56.838
16.636
82.485
85.950
110.904
94.961
67.235
74.167
127.539
134.471
0.693
150.413
50.600
161.503
128.925
20.794
82.485
138.629
113.676
52.679
136.550
144.175
79.019
131.698
112.983
121.994
142.095
117.835
116.449
109.517
94.961
112.290
119.914
176.753
135.164
45.748
85.257
105.358
3.466
0.693
108.824
110.210
137.243
67.928
124.073
118.528
144.175
64.463
155.958
11.784
117.142
120.608
208.637
105.358
6.238
11.784
54.065
65.849
145.561
105.358
104.665
81.098
139.323
141.402
88.723
45.055
50.600
122.687
127.539
99.813
109.517
158.038
124.073
133.777
86.643
112.290
16.636
84.564
11.784
64.463
45.055
18.715
20.101
137.243
110.904
65.849
81.791
110.904
112.983
120.608
160.810
11.784
123.380
199.626
149.027
175.366
120.608
121.994
123.380
121.994
109.517
133.777
140.709
121.994
149.720
165.662
18.022
119.914
89.416
88.723
81.791
155.265
167.742
193.388
129.619
130.312
107.438
77.632
108.131
111.597
128.925
97.734
12.477
124.766
106.745
132.391
131.698
81.098
3.466
143.481
89.416
99.120
109.517
114.369
10.397
133.084
103.279
123.380
42.282
118.528
147.640
63.770
100.506
94.961
14.556
119.914
128.925
158.731
173.980
48.520
154.572
90.802
185.763
115.062
178.832
101.199
53.372
85.950
149.720
77.632
132.391
12.477
116.449
42.975
108.131
31.885
99.813
88.723
12.477
51.293
53.372
138.629
97.041
146.947
121.994
107.438
115.062
79.712
142.788
115.062
111.597
42.282
32.578
136.550
150.413
137.936
76.246
124.073
110.904
81.098
130.312
153.186
128.232
131.698
103.972
114.369
121.301
76.246
115.062
88.030
60.304
158.731
85.950
142.788
126.846
125.460
118.528
137.243
112.983
115.062
104.665
129.619
139.323
38.123
69.315
60.997
126.153
42.975
121.301
103.279
172.594
7.625
81.791
158.731
131.005
109.517
76.246
124.766
86.643
130.312
126.153
170.514
120.608
133.084
171.901
87.337
156.651
125.460
83.178
42.282
121.301
120.608
119.914
154.572
113.676
130.312
117.835
90.109
142.095
106.745
130.312
85.950
11.784
167.048
89.416
128.232
117.835
186.457
100.506
168.435
157.344
73.474
108.824
173.287
145.561
117.835
124.073
127.539
110.904
153.879
11.784
156.651
114.369
18.715
160.117
90.109
97.041
132.391
70.701
60.997
66.542
103.972
76.246
15.942
119.221
137.936
18.022
164.969
119.914
123.380
106.745
10.397
88.030
102.586
131.698
42.282
122.687
100.506
77.632
163.583
136.550
152.492
161.503
83.871
87.337
114.369
83.178
67.928
12.477
117.835
81.098
102.586
144.868
135.857
148.333
144.175
101.893
88.030
15.249
158.038
12.477
15.249
115.756
2.773
162.196
108.824
136.550
162.890
95.654
163.583
85.257
99.813
85.257
128.925
126.846
116.449
124.073
93.575
135.164
130.312
74.167
134.471
128.925
115.062
122.687
151.106
111.597
145.561
152.492
18.715
84.564
98.427
107.438
123.380
121.994
88.030
18.022
98.427
75.553
63.076
110.904
98.427
136.550
127.539
178.139
151.799
147.640
149.720
90.802
108.824
117.835
115.062
100.506
114.369
94.961
101.893
95.654
58.224
102.586
12.477
16.636
88.723
124.073
153.879
92.189
182.298
75.553
133.084
119.914
106.052
113.676
119.914
86.643
144.868
131.005
0.000
137.243
55.452
2.773
116.449
117.835
157.344
141.402
165.662
92.882
108.131
162.196
76.939
93.575
183.684
123.380
133.777
184.377
106.052
92.189
129.619
77.632
74.860
79.712
130.312
124.073
19.408
137.936
99.813
90.802
106.745
177.446
115.756
129.619
131.005
166.355
146.254
106.745
150.413
126.153
119.221
121.301
20.101
99.813
135.164
106.052
189.229
142.788
105.358
92.189
159.424
85.257
119.914
157.344
119.914
153.879
142.788
115.756
31.192
108.824
100.506
115.062
130.312
134.471
115.062
103.279
84.564
98.427
106.052
151.799
160.117
138.629
144.868
102.586
93.575
81.098
97.041
84.564
135.164
123.380
94.961
0.693
84.564
92.882
132.391
99.813
142.095
97.041
137.243
128.232
97.734
144.868
0.000
88.030
115.756
72.780
76.246
79.019
187.843
117.835
16.636
95.654
82.485
158.038
72.780
101.199
15.942
145.561
140.709
119.914
134.471
176.059
110.904
68.622
8.318
111.597
104.665
65.849
79.712
16.636
111.597
103.972
114.369
117.142
79.019
128.232
65.849
161.503
139.323
83.178
126.153
178.832
180.911
182.298
72.780
7.625
163.583
87.337
122.687
18.022
97.734
121.994
120.608
144.868
47.134
99.813
108.131
110.210
184.377
105.358
15.942
79.712
97.041
45.748
146.254
133.084
77.632
149.720
154.572
169.128
161.503
131.698
135.164
42.975
75.553
90.802
121.301
105.358
13.170
90.802
76.939
135.857
15.942
85.950
76.939
94.268
147.640
70.008
112.290
132.391
16.636
104.665
72.780
103.279
144.175
90.109
77.632
13.170
140.709
138.629
121.301
107.438
87.337
135.164
92.882
19.408
82.485
175.366
86.643
121.301
112.290
128.925
149.027
110.210
139.323
189.922
57.531
78.326
124.766
128.232
123.380
77.632
129.619
92.882
119.221
128.925
83.178
135.857
141.402
81.791
128.232
139.323
75.553
133.777
96.347
18.022
90.109
106.052
61.690
171.207
18.715
12.477
98.427
102.586
158.731
124.766
76.939
101.199
119.221
133.777
133.084
137.936
92.882
126.846
99.120
140.709
163.583
90.802
90.802
110.210
119.914
4.852
64.463
164.276
7.625
158.731
105.358
93.575
106.052
90.802
141.402
178.832
135.857
143.481
89.416
117.835
114.369
132.391
109.517
144.868
140.016
54.065
105.358
110.904
7.625
71.394
137.243
121.301
65.156
121.301
107.438
101.199
90.109
20.794
124.073
106.052
107.438
142.788
13.170
107.438
85.257
119.221
80.405
101.893
119.221
178.832
6.238
81.791
127.539
108.131
57.531
148.333
180.218
137.936
103.279
88.723
173.287
114.369
151.106
92.882
3.466
128.925
146.947
135.857
129.619
137.936
119.914
110.904
130.312
114.369
9.704
115.756
71.394
134.471
9.704
35.351
83.871
125.460
160.810
167.048
60.304
150.413
117.142
133.777
54.759
99.813
92.189
46.441
149.027
94.961
167.742
143.481
147.640
98.427
140.709
92.882
83.178
174.673
17.329
113.676
84.564
119.914
108.824
193.388
145.561
101.893
143.481
11.090
15.249
105.358
118.528
127.539
94.961
130.312
108.131
128.925
152.492
55.452
152.492
115.062
76.939
70.701
60.997
152.492
137.936
134.471
15.942
121.301
130.312
87.337
131.005
123.380
17.329
166.355
70.008
123.380
100.506
97.041
123.380
153.879
144.868
119.914
92.189
22.874
137.936
98.427
126.846
45.748
112.983
122.687
108.131
60.997
167.048
79.019
112.983
94.961
118.528
112.290
157.344
170.514
129.619
6.931
99.813
108.824
131.005
133.777
149.720
82.485
72.780
136.550
18.022
160.810
121.994
93.575
75.553
146.947
182.991
125.460
84.564
84.564
86.643
81.098
171.207
154.572
119.221
107.438
151.106
124.766
107.438
158.731
114.369
143.481
140.709
108.824
136.550
173.980
124.073
145.561
114.369
153.879
1.386
130.312
138.629
118.528
128.232
87.337
91.495
90.802
11.784
99.120
68.622
81.791
140.016
143.481
173.287
137.936
133.084
95.654
137.936
143.481
9.704
85.950
115.062
167.742
141.402
123.380
127.539
129.619
130.312
151.106
167.048
115.756
99.813
111.597
169.128
141.402
140.709
133.084
122.687
106.052
176.059
151.799
74.167
15.249
126.153
133.084
81.791
147.640
155.265
109.517
118.528
128.925
115.756
146.947
9.704
46.441
127.539
159.424
103.972
131.005
171.207
122.687
164.969
185.070
54.065
143.481
102.586
176.059
10.397
0.693
123.380
157.344
106.052
6.238
159.424
70.701
132.391
140.709
128.232
96.347
173.980
112.290
117.142
114.369
94.268
18.022
128.232
126.153
3.466
140.016
7.625
11.784
125.460
104.665
1.386
141.402
103.972
100.506
126.153
106.745
79.712
146.254
113.676
124.766
106.052
87.337
93.575
116.449
121.994
129.619
127.539
134.471
83.178
4.852
94.961
137.243
151.106
121.301
159.424
133.084
119.221
159.424
18.022
70.701
129.619
112.290
182.298
15.249
129.619
82.485
103.279
143.481
144.868
75.553
115.062
69.315
157.344
92.882
99.813
96.347
137.243
128.232
176.059
54.065
160.810
124.766
137.936
142.095
99.813
6.931
128.232
14.556
122.687
124.766
110.210
121.301
94.268
135.164
117.835
124.073
97.734
174.673
123.380
119.914
189.922
96.347
162.196
101.893
124.073
42.282
107.438
38.123
148.333
135.857
97.734
155.265
98.427
124.766
94.961
0.000
77.632
137.936
53.372
76.939
90.802
125.460
169.821
64.463
128.232
46.441
111.597
112.290
151.106
142.095
91.495
96.347
218.341
100.506
61.690
119.221
123.380
139.323
178.832
93.575
137.243
162.890
192.002
135.857
129.619
155.958
64.463
126.153
113.676
83.871
44.361
132.391
113.676
129.619
155.958
163.583
67.928
16.636
118.528
115.062
129.619
126.846
128.925
167.048
167.048
87.337
160.810
84.564
119.914
125.460
85.950
95.654
121.301
6.238
136.550
151.799
117.835
131.698
126.846
106.052
88.723
93.575
169.128
149.027
110.210
3.466
116.449
162.890
118.528
145.561
72.087
100.506
212.796
135.164
134.471
128.232
93.575
105.358
65.849
153.186
119.914
97.041
153.186
171.901
93.575
117.835
83.178
103.972
112.290
105.358
155.265
103.972
116.449
174.673
127.539
118.528
100.506
110.904
127.539
160.117
124.766
27.726
130.312
38.816
13.863
104.665
135.164
115.756
103.279
152.492
131.698
97.041
158.731
119.914
92.882
20.794
92.189
139.323
13.863
18.022
140.709
92.882
112.983
121.994
104.665
151.799
138.629
155.958
64.463
2.773
83.178
137.243
106.745
119.221
168.435
104.665
174.673
112.290
149.027
142.095
16.636
177.446
82.485
137.936
149.027
122.687
106.052
145.561
116.449
15.249
117.142
101.199
164.969
145.561
6.931
117.142
112.290
15.942
133.084
117.835
123.380
198.933
102.586
119.221
11.090
131.005
178.139
134.471
102.586
135.164
117.142
142.095
95.654
0.693
153.879
117.142
141.402
5.545
162.196
4.852
13.170
76.939
126.846
139.323
129.619
125.460
8.318
110.210
99.120
101.199
141.402
144.868
130.312
95.654
79.712
62.383
129.619
144.175
2.773
124.766
121.994
151.106
128.232
1.386
110.904
160.117
57.531
91.495
73.474
2.079
20.794
128.925
120.608
149.720
74.167
66.542
0.693
133.777
137.936
81.791
109.517
156.651
0.693
139.323
135.857
146.947
139.323
112.983
71.394
115.756
128.925
135.164
10.397
151.799
105.358
137.243
86.643
41.589
36.737
99.813
71.394
133.777
90.802
78.326
117.142
151.106
161.503
120.608
72.780
175.366
135.164
131.698
89.416
63.076
133.084
146.947
144.175
136.550
134.471
132.391
11.090
68.622
155.958
121.994
100.506
84.564
131.005
48.520
111.597
146.947
100.506
115.062
12.477
117.142
125.460
101.199
79.019
178.832
15.249
115.062
0.000
10.397
129.619
111.597
155.958
94.961
114.369
173.980
135.857
117.142
106.745
90.109
143.481
128.232
100.506
162.196
162.890
149.027
148.333
133.777
177.446
92.189
19.408
133.777
143.481
58.918
107.438
51.986
112.983
162.196
80.405
3.466
117.835
87.337
103.279
160.117
88.723
158.731
149.720
114.369
159.424
11.784
146.254
115.756
133.777
145.561
6.238
15.942
117.142
74.167
90.802
98.427
157.344
16.636
95.654
153.186
88.030
142.788
99.120
128.232
101.893
127.539
116.449
147.640
92.189
101.199
169.128
134.471
64.463
133.777
162.196
159.424
62.383
143.481
146.254
152.492
132.391
4.852
93.575
93.575
97.041
162.196
103.279
94.961
115.756
131.005
115.062
124.073
150.413
177.446
99.120
105.358
12.477
17.329
135.164
147.640
88.723
92.882
12.477
140.016
17.329
89.416
149.027
187.150
91.495
118.528
2.079
187.150
171.901
140.016
116.449
106.052
116.449
145.561
112.290
94.268
171.207
87.337
188.536
146.254
101.893
106.052
171.207
11.784
72.780
124.766
140.709
88.723
144.175
103.972
136.550
151.106
131.005
173.287
123.380
90.802
139.323
162.196
94.961
140.709
143.481
155.265
128.232
124.766
79.019
153.879
120.608
173.980
134.471
129.619
159.424
109.517
110.904
117.142
136.550
144.868
84.564
185.070
91.495
130.312
99.813
111.597
131.005
145.561
135.857
159.424
160.810
99.120
160.117
14.556
166.355
20.794
128.232
94.961
18.715
124.766
146.947
173.980
166.355
0.000
147.640
61.690
167.048
81.791
94.268
77.632
137.243
78.326
117.835
42.282
153.186
66.542
111.597
173.287
129.619
131.698
131.005
124.766
150.413
123.380
122.687
142.788
135.857
42.282
193.388
19.408
167.048
36.044
138.629
145.561
150.413
9.011
164.969
103.279
88.030
131.005
175.366
136.550
79.712
3.466
92.882
180.911
111.597
98.427
119.221
144.175
20.101
140.016
3.466
131.005
139.323
113.676
178.139
101.893
104.665
134.471
101.893
103.972
109.517
155.265
120.608
140.709
145.561
118.528
95.654
90.109
94.268
146.947
13.170
6.931
184.377
153.879
147.640
158.038
138.629
152.492
136.550
156.651
137.243
198.240
120.608
163.583
116.449
167.742
97.041
94.961
98.427
92.882
127.539
162.196
10.397
153.186
151.106
146.254
109.517
125.460
151.799
149.720
109.517
127.539
140.016
119.221
176.059
118.528
72.087
13.863
115.756
43.668
115.756
123.380
164.276
136.550
142.095
94.268
169.821
117.142
171.207
97.734
20.794
133.777
63.770
161.503
101.199
94.961
134.471
158.731
127.539
123.380
93.575
114.369
171.901
126.153
79.712
132.391
119.221
144.175
0.000
67.235
103.972
114.369
154.572
86.643
140.016
145.561
103.279
139.323
99.120
50.600
180.218
154.572
133.777
0.000
97.734
141.402
91.495
144.868
112.290
67.235
156.651
144.175
130.312
169.128
99.813
73.474
90.109
108.131
92.189
128.925
89.416
8.318
148.333
164.969
124.073
131.698
19.408
14.556
131.698
138.629
127.539
140.709
74.860
110.904
12.477
207.944
77.632
146.254
114.369
22.874
185.070
164.276
110.210
157.344
120.608
128.925
130.312
140.016
127.539
131.698
51.293
224.580
128.925
101.199
136.550
128.232
59.611
151.106
185.070
2.079
138.629
1.386
99.120
108.824
135.857
156.651
185.070
134.471
101.893
62.383
144.868
124.766
97.041
121.301
135.857
176.753
117.142
58.918
127.539
77.632
58.224
166.355
115.756
124.766
15.249
146.947
67.235
2.079
169.821
153.186
17.329
133.777
42.975
167.048
159.424
99.120
201.706
133.777
92.882
125.460
143.481
75.553
142.788
106.745
176.059
159.424
20.794
13.863
156.651
180.911
161.503
90.109
111.597
100.506
143.481
106.052
151.106
76.246
146.254
127.539
122.687
0.693
81.098
108.131
112.983
108.131
173.287
203.785
132.391
124.766
205.172
166.355
106.745
110.210
141.402
72.780
70.701
170.514
108.131
119.914
127.539
93.575
144.868
15.249
126.846
121.301
124.766
87.337
89.416
162.890
101.893
133.777
107.438
79.712
59.611
10.397
103.972
10.397
167.742
117.835
119.914
96.347
147.640
56.145
133.777
149.720
117.835
135.164
87.337
122.687
160.117
18.715
62.383
100.506
126.153
85.257
125.460
139.323
90.802
60.304
5.545
160.810
117.835
65.849
102.586
148.333
92.189
126.846
106.052
146.254
107.438
97.041
137.936
109.517
113.676
135.164
62.383
111.597
105.358
124.073
181.605
100.506
90.802
117.835
119.221
148.333
151.106
169.821
20.794
134.471
152.492
126.846
130.312
150.413
143.481
144.868
97.041
201.706
116.449
171.901
166.355
135.164
13.863
4.159
119.914
70.701
164.276
145.561
137.243
127.539
139.323
114.369
171.901
66.542
111.597
74.167
128.925
20.794
141.402
106.745
99.813
115.062
76.939
9.704
192.002
38.123
70.008
151.106
135.164
124.073
20.101
114.369
145.561
116.449
113.676
33.271
49.213
156.651
62.383
110.904
117.142
140.709
152.492
73.474
38.123
110.210
149.027
172.594
92.189
70.008
153.879
174.673
127.539
164.276
99.813
126.846
145.561
172.594
124.766
149.027
85.950
130.312
5.545
12.477
101.893
110.904
74.860
147.640
174.673
142.095
147.640
144.175
97.734
80.405
153.879
110.904
121.994
117.835
155.958
102.586
113.676
40.896
12.477
123.380
90.109
141.402
168.435
95.654
100.506
135.164
10.397
141.402
132.391
144.868
101.893
4.159
156.651
105.358
135.164
90.802
169.821
104.665
135.164
72.087
146.254
196.854
124.766
103.279
101.893
131.698
176.059
139.323
131.005
192.695
135.164
125.460
128.925
56.838
160.810
154.572
137.936
82.485
115.756
151.799
121.301
144.175
8.318
84.564
149.027
127.539
4.159
161.503
131.698
138.629
115.756
96.347
150.413
58.918
132.391
11.784
100.506
122.687
71.394
91.495
154.572
116.449
109.517
138.629
179.525
156.651
127.539
126.153
174.673
61.690
10.397
140.709
147.640
90.109
170.514
154.572
70.008
109.517
112.983
82.485
115.062
110.904
45.748
155.958
2.079
163.583
17.329
140.709
113.676
121.994
119.221
173.980
161.503
173.980
121.301
126.153
158.038
104.665
4.852
138.629
102.586
11.784
65.156
128.232
81.791
93.575
99.120
119.914
123.380
150.413
131.698
0.693
122.687
154.572
133.084
161.503
4.159
144.868
153.879
176.753
116.449
130.312
131.698
144.868
142.095
142.788
77.632
0.000
120.608
192.695
114.369
79.712
84.564
139.323
99.813
135.857
94.961
74.860
127.539
158.731
8.318
180.911
178.139
108.824
71.394
131.698
148.333
101.199
159.424
128.232
103.972
121.301
2.773
19.408
144.868
131.005
103.279
54.065
133.084
133.777
158.731
187.150
159.424
99.120
20.794
145.561
93.575
128.232
88.030
122.687
127.539
88.723
105.358
162.890
196.854
167.048
132.391
115.062
71.394
126.846
155.265
163.583
145.561
124.766
90.109
108.824
128.925
145.561
155.265
175.366
157.344
103.279
128.925
130.312
107.438
144.868
164.276
105.358
123.380
148.333
126.846
90.802
90.109
106.052
119.221
142.788
17.329
103.279
143.481
9.704
2.079
2.773
149.027
140.016
169.128
154.572
144.868
154.572
166.355
142.095
124.766
112.983
101.199
163.583
136.550
119.221
126.846
92.882
156.651
4.159
130.312
154.572
92.882
94.961
158.038
193.388
147.640
170.514
111.597
82.485
13.170
140.709
142.095
162.890
87.337
104.665
9.704
81.791
98.427
131.005
134.471
121.994
152.492
8.318
51.986
83.178
76.939
122.687
159.424
119.221
67.928
133.084
114.369
125.460
53.372
11.090
160.810
6.931
131.005
127.539
109.517
89.416
119.221
184.377
161.503
130.312
81.791
119.221
187.150
147.640
116.449
134.471
149.027
115.756
38.816
79.712
193.388
98.427
136.550
99.120
92.882
119.221
18.022
104.665
146.947
19.408
106.052
67.235
133.777
119.914
60.304
89.416
101.893
125.460
92.882
118.528
178.832
5.545
15.942
148.333
197.547
134.471
63.770
203.785
140.709
93.575
117.835
170.514
131.005
14.556
160.810
1.386
131.005
115.756
80.405
124.766
170.514
11.784
73.474
144.868
16.636
149.027
18.715
122.687
108.131
115.756
67.928
117.142
176.753
106.052
102.586
131.005
187.843
119.914
155.958
130.312
158.731
112.983
168.435
7.625
127.539
112.290
165.662
108.824
117.142
63.770
106.052
59.611
176.059
124.073
93.575
127.539
109.517
147.640
13.863
106.745
142.095
114.369
85.257
178.139
106.052
117.142
156.651
115.756
105.358
162.196
162.890
112.290
140.016
106.745
143.481
155.265
103.972
101.199
62.383
94.268
99.120
149.720
108.824
65.849
111.597
113.676
158.731
7.625
13.863
126.153
126.846
137.936
133.084
19.408
135.857
92.882
42.282
136.550
171.207
70.701
117.142
108.131
80.405
81.791
158.038
126.846
4.159
16.636
120.608
151.106
187.150
0.693
145.561
11.784
20.794
20.101
124.073
121.994
120.608
128.232
136.550
0.000
184.377
72.780
72.780
99.120
137.243
12.477
131.005
128.232
134.471
3.466
126.846
125.460
108.131
166.355
110.210
149.720
121.994
83.871
181.605
147.640
51.293
153.186
113.676
88.723
149.720
85.257
136.550
169.128
124.073
114.369
146.947
142.095
123.380
157.344
108.131
173.287
158.731
180.911
81.791
133.084
119.914
118.528
135.164
119.221
51.293
86.643
116.449
149.720
104.665
131.698
151.799
146.254
95.654
80.405
115.062
97.041
97.041
146.947
142.095
144.175
110.904
97.041
8.318
147.640
74.167
148.333
121.301
185.070
113.676
124.766
131.698
113.676
101.199
100.506
134.471
109.517
156.651
8.318
129.619
113.676
128.925
171.901
11.090
144.175
7.625
25.646
153.879
15.249
139.323
192.002
131.005
118.528
141.402
103.279
169.128
81.098
142.095
76.246
99.813
94.268
103.279
97.041
111.597
111.597
128.232
139.323
178.832
7.625
19.408
9.704
99.813
135.857
74.860
134.471
9.704
126.846
178.832
145.561
161.503
167.048
4.852
77.632
128.232
87.337
111.597
89.416
11.090
121.301
130.312
172.594
126.153
142.095
101.199
114.369
61.690
97.734
146.254
166.355
178.832
135.164
146.254
90.802
114.369
89.416
133.084
94.268
82.485
140.709
135.857
119.914
7.625
110.210
18.715
101.199
135.857
119.221
81.098
178.139
184.377
112.983
88.723
6.931
134.471
9.011
151.799
137.936
105.358
125.460
138.629
116.449
164.276
60.304
194.081
156.651
101.893
77.632
147.640
103.279
114.369
156.651
152.492
13.863
111.597
128.232
0.693
120.608
149.027
85.257
135.164
134.471
47.827
140.016
112.983
126.846
85.950
11.784
173.980
37.430
124.766
18.715
140.709
147.640
160.810
133.084
38.816
115.756
140.709
85.950
111.597
108.824
73.474
106.745
120.608
118.528
52.679
2.079
9.011
99.813
4.159
58.224
135.857
143.481
136.550
99.813
55.452
15.249
70.701
127.539
195.468
5.545
104.665
182.298
2.773
131.698
19.408
114.369
141.402
169.128
160.810
152.492
153.186
106.745
149.027
113.676
65.156
3.466
133.777
75.553
0.693
125.460
132.391
96.347
149.720
90.802
164.969
125.460
143.481
142.095
179.525
80.405
171.207
176.059
119.914
137.243
165.662
157.344
163.583
17.329
185.070
112.290
107.438
81.791
110.210
124.766
153.186
130.312
162.890
176.059
121.994
193.388
108.131
142.095
171.901
103.972
18.022
125.460
121.994
124.766
140.709
152.492
100.506
91.495
106.745
12.477
135.164
139.323
116.449
121.301
142.788
144.175
151.106
86.643
99.120
118.528
116.449
81.098
149.027
175.366
106.745
144.868
162.890
142.788
87.337
79.712
137.243
92.189
94.268
153.186
141.402
164.276
128.232
153.879
139.323
84.564
151.106
14.556
56.145
165.662
79.019
120.608
119.221
2.773
192.695
145.561
171.207
139.323
167.742
157.344
137.936
126.846
146.254
92.882
81.791
137.936
108.824
145.561
119.914
103.279
117.142
149.720
97.041
156.651
7.625
148.333
125.460
143.481
14.556
20.101
72.087
94.961
144.868
124.766
94.961
58.224
199.626
135.857
191.309
115.062
146.947
135.857
153.879
119.221
196.161
169.128
110.904
57.531
175.366
90.109
181.605
83.178
140.016
135.857
121.301
127.539
133.777
85.950
167.048
20.101
62.383
160.117
137.243
145.561
152.492
126.846
144.868
204.478
117.835
164.276
90.109
139.323
127.539
121.994
142.095
160.117
148.333
171.207
95.654
6.238
20.101
145.561
40.896
128.232
126.846
124.073
139.323
161.503
106.745
126.846
146.254
0.693
137.936
135.164
98.427
123.380
138.629
128.925
67.928
168.435
76.246
94.268
133.777
157.344
135.857
124.073
146.254
153.186
153.879
104.665
140.709
155.958
146.947
124.073
119.221
141.402
78.326
155.958
124.073
88.030
140.016
154.572
164.969
131.698
97.041
140.016
167.048
128.925
117.142
97.734
121.301
5.545
152.492
129.619
140.709
140.016
147.640
73.474
152.492
162.196
178.832
162.890
145.561
109.517
133.777
143.481
162.196
149.027
80.405
139.323
11.784
61.690
139.323
137.243
131.005
180.218
151.106
112.290
143.481
97.041
121.994
109.517
127.539
186.457
94.268
122.687
169.128
13.170
91.495
132.391
65.849
129.619
162.196
124.073
15.942
119.914
154.572
201.706
112.290
105.358
4.852
135.164
99.813
193.388
141.402
105.358
118.528
75.553
145.561
118.528
126.153
117.142
171.901
168.435
142.788
93.575
162.196
10.397
121.994
151.799
80.405
113.676
140.016
157.344
109.517
149.027
175.366
173.980
149.720
142.788
144.868
123.380
110.904
103.972
182.298
47.827
102.586
160.810
164.969
153.186
112.983
125.460
156.651
135.857
166.355
13.170
149.720
4.852
158.731
124.073
144.868
79.712
146.947
149.720
138.629
151.106
135.857
126.153
158.038
153.186
6.931
149.027
94.961
131.005
99.813
145.561
165.662
157.344
145.561
2.773
140.016
131.698
175.366
6.931
170.514
160.810
107.438
126.846
179.525
147.640
141.402
91.495
168.435
116.449
90.109
165.662
126.153
190.615
15.942
192.695
157.344
109.517
142.788
154.572
144.175
126.153
96.347
173.287
168.435
140.016
194.081
107.438
158.038
161.503
132.391
5.545
106.052
16.636
119.221
9.704
156.651
137.936
2.773
133.084
105.358
7.625
136.550
107.438
96.347
119.221
141.402
209.330
141.402
144.175
152.492
108.824
180.911
124.766
81.098
90.109
189.922
12.477
72.087
124.073
1.386
140.709
135.857
137.243
155.265
180.218
116.449
141.402
79.019
117.142
2.773
137.243
92.189
139.323
158.731
153.879
73.474
147.640
116.449
4.852
160.117
170.514
0.693
120.608
117.835
18.715
154.572
128.232
46.441
6.931
188.536
108.824
146.947
129.619
150.413
18.715
107.438
65.849
133.777
169.821
135.857
153.879
163.583
112.290
143.481
107.438
119.221
157.344
99.813
129.619
188.536
112.983
147.640
148.333
164.276
8.318
162.890
97.041
167.742
103.279
175.366
184.377
151.799
150.413
158.038
172.594
133.777
135.857
126.153
63.770
135.857
103.972
135.857
72.087
158.038
114.369
171.901
149.027
105.358
6.931
141.402
140.016
135.164
20.794
72.780
7.625
124.073
131.005
148.333
140.016
173.980
2.773
147.640
146.254
205.172
203.785
138.629
119.914
178.139
120.608
146.254
144.868
180.218
120.608
121.994
15.249
171.901
99.120
136.550
131.698
193.388
6.238
121.301
153.879
139.323
174.673
194.774
76.246
102.586
169.128
169.128
173.287
97.734
90.802
148.333
126.153
197.547
140.709
146.947
131.698
131.698
132.391
122.687
135.164
147.640
26.340
160.810
160.810
149.027
158.038
164.276
144.868
131.005
124.766
6.238
150.413
166.355
7.625
151.106
104.665
89.416
155.265
167.048
167.048
111.597
150.413
178.832
2.079
139.323
172.594
15.249
126.846
101.199
130.312
87.337
148.333
206.558
159.424
154.572
129.619
144.175
147.640
20.794
134.471
110.904
185.070
137.936
178.139
137.936
124.073
135.164
121.301
153.186
146.947
140.016
77.632
6.238
112.290
119.221
123.380
152.492
139.323
95.654
137.243
127.539
16.636
132.391
12.477
110.210
135.857
124.766
70.008
142.095
149.027
104.665
164.969
131.698
140.016
144.175
152.492
141.402
148.333
15.249
109.517
158.038
142.788
110.904
146.947
99.813
124.766
142.095
88.030
131.005
2.773
134.471
145.561
182.991
128.232
144.175
81.098
100.506
153.879
6.238
135.164
137.936
150.413
51.293
115.062
194.081
117.835
132.391
104.665
165.662
140.016
165.662
146.947
116.449
84.564
180.218
133.777
124.073
144.868
160.117
102.586
144.868
146.254
160.810
22.181
121.301
124.073
129.619
133.777
18.022
133.777
11.784
128.925
126.153
90.802
133.777
93.575
131.005
148.333
152.492
158.038
131.698
33.271
180.911
158.731
100.506
133.084
156.651
179.525
60.304
122.687
180.218
136.550
106.052
94.961
63.076
4.159
167.742
119.914
181.605
157.344
144.175
146.254
128.232
130.312
15.249
137.243
158.038
99.813
85.257
151.799
160.810
141.402
89.416
147.640
143.481
154.572
103.972
128.232
108.131
184.377
84.564
151.106
165.662
2.079
103.972
168.435
90.109
155.958
107.438
117.142
140.709
96.347
103.972
163.583
185.070
128.232
191.309
17.329
9.011
137.936
103.972
174.673
16.636
126.846
94.961
151.106
18.022
214.182
158.038
103.279
133.777
13.863
140.709
50.600
158.038
132.391
115.062
20.101
185.070
180.218
160.117
153.186
148.333
169.821
159.424
146.947
103.279
180.911
9.704
137.936
136.550
86.643
2.773
139.323
149.720
185.070
76.939
139.323
153.879
153.879
86.643
95.654
86.643
146.254
86.643
106.052
144.868
137.243
87.337
66.542
106.745
134.471
162.196
90.109
160.810
185.070
103.279
178.832
147.640
162.890
127.539
126.153
158.038
67.235
182.991
149.720
180.218
98.427
180.218
89.416
146.947
85.950
170.514
153.879
154.572
140.016
183.684
9.704
154.572
133.084
153.879
128.925
138.629
154.572
91.495
143.481
133.084
137.243
142.788
10.397
134.471
140.016
207.251
121.994
94.961
107.438
105.358
141.402
80.405
131.698
193.388
172.594
167.742
85.950
170.514
